 &HKVARS
 NKX     =         100,
 NKY     =         100,
 TS      =   1.00000000000000     ,
 XMU     =  0.000000000000000E+000,
 BETA    =   100.000000000000     ,
 EPS     =  1.000000000000000E-002
 /
